Temperature(°C) SPO2(%)  Pulse Rate(bpm)
        41        77       136
        29        82        94
        45        62       197
        53        66       201
         3        77        95
        79        62       111
        89        84       124
        81        67       112
        86        60       219
        73        98       204
        91        97       189
         2        84        90
        20        78        95
         6        63       190
        10        94       209
        29        72       203
        31        81        92
        40        86        97
        55        86       167
        59        78       213
        59        61       141
        91        61       197
        79        64        97
        91        77       184
        28        65        94
         3        60       144
        85        82       200
        57        77       132
        10        92       209
        63        92       198
        52        68       219
        96        62       144
        50        92        94
        61        96       158
         4        75       131
        42        97       169
        52        60       133
         8        88       167
        90        67       143
        20        73        96
        90        66       212
        96        70        98
        68        95       191
         1        63       192
        49        95       170
        31        89       151
        85        81       220
        30        97       124
        10        72       204
        76        91       207
